[LEFT_CAM_FHD]
fx=1048.795166015625
fy=1033.328125
cx=943.3728234800947
cy=538.8909556325525
k1=-0.07983744123682128
k2=0.023514263387876322
k3=0.06369655237068667
p1=0.00024204415235050143
p2=-0.00016785638384251002

[RIGHT_CAM_FHD]
fx=1047.7659912109375
fy=1033.886962890625
cx=944.0612259746049
cy=549.9060381131421
k1=-0.0818725438604365
k2=0.04060620584956679
k3=0.043099608907267786
p1=-5.727408159154412e-05
p2=-0.0008833816436051027
