[LEFT_CAM_2K]
fx=1063.5
fy=1064.08
cx=1092.54
cy=617.518
k1=-0.04568
k2=0.0180176
k3=-0.00783292
p1=0.000246693
p2=-8.1439e-05

[RIGHT_CAM_2K]
fx=1063.82
fy=1064.09
cx=1093.83
cy=631.501
k1=-0.046175
k2=0.0184593
k3=-0.00807569
p1=7.67481e-05
p2=-9.20575e-05

[LEFT_CAM_FHD]
fx=1063.5
fy=1064.08
cx=948.54
cy=536.518
k1=-0.04568
k2=0.0180176
k3=-0.00783292
p1=0.000246693
p2=-8.1439e-05

[RIGHT_CAM_FHD]
fx=1063.82
fy=1064.09
cx=949.83
cy=550.501
k1=-0.046175
k2=0.0184593
k3=-0.00807569
p1=7.67481e-05
p2=-9.20575e-05

[LEFT_CAM_HD]
fx=1166.20471191
fy=898.321594238
cx=391.88474687
cy=566.043959143
k1=0.351723392009
k2=-0.804351617923
k3=0.980667691923
p1=0.0312780690249
p2=0.0263158174001

[RIGHT_CAM_HD]
fx=1382.7989502
fy=1013.72576904
cx=381.411459776
cy=609.806537891
k1=0.310566087373
k2=-0.996719799529
k3=1.60483479547
p1=0.016019029195
p2=0.0309968778969

[LEFT_CAM_VGA]
fx=265.875
fy=266.02
cx=331.885
cy=185.8795
k1=-0.04568
k2=0.0180176
k3=-0.00783292
p1=0.000246693
p2=-8.1439e-05

[RIGHT_CAM_VGA]
fx=265.955
fy=266.0225
cx=332.2075
cy=189.37525
k1=-0.046175
k2=0.0184593
k3=-0.00807569
p1=7.67481e-05
p2=-9.20575e-05

[STEREO]
Baseline=119.883
TY=-0.100112
TZ=0.36452
CV_2K=0.00306055
CV_FHD=0.00306055
CV_HD=0.00306055
CV_VGA=0.00306055
RX_2K=-0.000697508
RX_FHD=-0.000697508
RX_HD=-0.000697508
RX_VGA=-0.000697508
RZ_2K=0.00377127
RZ_FHD=0.00377127
RZ_HD=0.00377127
RZ_VGA=0.00377127

