# oST version 5.0 parameters


[image]

width
672

height
376

[narrow_stereo/left]

camera matrix
262.669355 0.000000 333.280105
0.000000 263.899997 189.779156
0.000000 0.000000 1.000000

distortion
-0.027536 -0.003140 0.000275 -0.000416 0.000000

rectification
0.999949 -0.003041 0.009595
0.003011 0.999990 0.003222
-0.009605 -0.003193 0.999949

projection
263.069694 0.000000 326.263634 0.000000
0.000000 263.069694 191.028177 0.000000
0.000000 0.000000 1.000000 0.000000
# oST version 5.0 parameters


[image]

width
672

height
376

[narrow_stereo/right]

camera matrix
261.683948 0.000000 339.943399
0.000000 263.405154 190.483845
0.000000 0.000000 1.000000

distortion
-0.033662 -0.000510 0.000948 -0.002391 0.000000

rectification
0.999943 -0.002554 0.010334
0.002587 0.999992 -0.003194
-0.010326 0.003221 0.999941

projection
263.069694 0.000000 326.263634 -93.556963
0.000000 263.069694 191.028177 0.000000
0.000000 0.000000 1.000000 0.000000
