image_width: 672
image_height: 376
camera_name: narrow_stereo/left
camera_matrix:
  rows: 3
  cols: 3
  data: [262.66936,   0.     , 333.28011,
           0.     , 263.9    , 189.77916,
           0.     ,   0.     ,   1.     ]
distortion_model: plumb_bob
distortion_coefficients:
  rows: 1
  cols: 5
  data: [-0.027536, -0.003140, 0.000275, -0.000416, 0.000000]
rectification_matrix:
  rows: 3
  cols: 3
  data: [ 0.99994934, -0.00304145,  0.0095948 ,
          0.00301066,  0.99999028,  0.00322185,
         -0.0096045 , -0.0031928 ,  0.99994878]
projection_matrix:
  rows: 3
  cols: 4
  data: [263.06969,   0.     , 326.26363,   0.     ,
           0.     , 263.06969, 191.02818,   0.     ,
           0.     ,   0.     ,   1.     ,   0.     ]
