[LEFT_CAM_2K]
fx=1055.21
fy=1054.71
cx=1098.25
cy=615.752
k1=-0.0408546
k2=0.00958227
k3=-0.00489882
p1=-0.000394428
p2=0.000536681

[RIGHT_CAM_2K]
fx=1055.22
fy=1054.92
cx=1125.26
cy=627.142
k1=-0.041908
k2=0.0104965
k3=-0.00502354
p1=0.000145523
p2=-2.82596e-05

[LEFT_CAM_FHD]
fx=1055.21
fy=1054.71
cx=954.25
cy=534.752
k1=-0.0408546
k2=0.00958227
k3=-0.00489882
p1=-0.000394428
p2=0.000536681

[RIGHT_CAM_FHD]
fx=1055.22
fy=1054.92
cx=981.26
cy=546.142
k1=-0.041908
k2=0.0104965
k3=-0.00502354
p1=0.000145523
p2=-2.82596e-05

[LEFT_CAM_HD]
fx=706.8967
fy=706.3074
cx=633.3277
cy=350.2069
k1=0.1873
k2=0.5187
k3=-0.0044
p1=-0.0068
p2=-0.0016

[RIGHT_CAM_HD]
fx=706.2726
fy=707.4899
cx=652.0291
cy=362.3335
k1=0.2059
k2=0.3782
k3=0.3295
p1=0.0001
p2=0.0020

[LEFT_CAM_VGA]
fx=263.8025
fy=263.6775
cx=333.3125
cy=185.438
k1=-0.0408546
k2=0.00958227
k3=-0.00489882
p1=-0.000394428
p2=0.000536681

[RIGHT_CAM_VGA]
fx=263.805
fy=263.73
cx=340.065
cy=188.2855
k1=-0.041908
k2=0.0104965
k3=-0.00502354
p1=0.000145523
p2=-2.82596e-05

[STEREO]
Baseline=119.876
TY=-0.155899
TZ=-0.506989
CV_2K=-0.00212118
CV_FHD=-0.00212118
CV_HD=-0.00212118
CV_VGA=-0.00212118
RX_2K=-0.000347709
RX_FHD=-0.000347709
RX_HD=-0.000347709
RX_VGA=-0.000347709
RZ_2K=-0.000512079
RZ_FHD=-0.000512079
RZ_HD=-0.000512079
RZ_VGA=-0.000512079
