############################
###   CAMERA PARAMTERS   ###
############################

# udfc (Beluga)
fx: 4.920642427973538133e+02
fy: 4.916400793457974032e+02
cx: 4.285082578952679455e+02
cy: 2.539114545212349014e+02
k1: -1.003137643876938212e-01
k2: 6.480104711529402484e-02
p1: 5.710408517258806684e-04
p2: 2.732927077291138779e-04
k3: -1.242539054818194745e-02

# zed2i left HD 720p (Stormtrooper)
# fx: 531.75
# fy: 532.04
# cx: 632.77
# cy: 356.759
# k1: -0.04568
# k2: 0.0180176
# p1: 0.000246693
# p2: -8.1439e-05
# k3: -0.00783292

# zed2i left VGA 640p (Stormtrooper)
# fx: 265.875 
# fy: 266.02 
# cx: 331.885 
# cy: 185.8795
# k1: -0.04568 
# k2: 0.0180176 
# p1: 0.000246693 
# p2: -8.1439e-05
# k3: -0.00783292