[LEFT_CAM_2K]
fx=1063.5
fy=1064.08
cx=1092.54
cy=617.518
k1=-0.04568
k2=0.0180176
k3=-0.00783292
p1=0.000246693
p2=-8.1439e-05

[RIGHT_CAM_2K]
fx=1063.82
fy=1064.09
cx=1093.83
cy=631.501
k1=-0.046175
k2=0.0184593
k3=-0.00807569
p1=7.67481e-05
p2=-9.20575e-05

[LEFT_CAM_FHD]
fx=1063.5
fy=1064.08
cx=948.54
cy=536.518
k1=-0.04568
k2=0.0180176
k3=-0.00783292
p1=0.000246693
p2=-8.1439e-05

[RIGHT_CAM_FHD]
fx=1063.82
fy=1064.09
cx=949.83
cy=550.501
k1=-0.046175
k2=0.0184593
k3=-0.00807569
p1=7.67481e-05
p2=-9.20575e-05

[LEFT_CAM_HD]
fx=555.408081055
fy=510.18560791
cx=342.368076121
cy=630.361858328
k1=0.0341809845493
k2=-0.011181238646
k3=0.00291349405793
p1=0.0468702122626
p2=-0.0353573244579

[RIGHT_CAM_HD]
fx=687.599731445
fy=605.519897461
cx=354.85099256
cy=640.678073213
k1=0.00553916091888
k2=0.00109808153289
k3=-0.00144107147469
p1=-0.000600287262215
p2=-0.00568400960544

[LEFT_CAM_VGA]
fx=265.875
fy=266.02
cx=331.885
cy=185.8795
k1=-0.04568
k2=0.0180176
k3=-0.00783292
p1=0.000246693
p2=-8.1439e-05

[RIGHT_CAM_VGA]
fx=265.955
fy=266.0225
cx=332.2075
cy=189.37525
k1=-0.046175
k2=0.0184593
k3=-0.00807569
p1=7.67481e-05
p2=-9.20575e-05

[STEREO]
Baseline=119.883
TY=-0.100112
TZ=0.36452
CV_2K=0.00306055
CV_FHD=0.00306055
CV_HD=0.00306055
CV_VGA=0.00306055
RX_2K=-0.000697508
RX_FHD=-0.000697508
RX_HD=-0.000697508
RX_VGA=-0.000697508
RZ_2K=0.00377127
RZ_FHD=0.00377127
RZ_HD=0.00377127
RZ_VGA=0.00377127

