image_width: 672
image_height: 376
camera_name: narrow_stereo/right
camera_matrix:
  rows: 3
  cols: 3
  data: [261.68395,   0.     , 339.9434 ,
           0.     , 263.40515, 190.48384,
           0.     ,   0.     ,   1.     ]
distortion_model: plumb_bob
distortion_coefficients:
  rows: 1
  cols: 5
  data: [-0.033662, -0.000510, 0.000948, -0.002391, 0.000000]
rectification_matrix:
  rows: 3
  cols: 3
  data: [ 0.99994334, -0.00255432,  0.01033428,
          0.00258745,  0.99999155, -0.00319404,
         -0.01032604,  0.0032206 ,  0.9999415 ]
projection_matrix:
  rows: 3
  cols: 4
  data: [263.06969,   0.     , 326.26363, -93.55696,
           0.     , 263.06969, 191.02818,   0.     ,
           0.     ,   0.     ,   1.     ,   0.     ]
